68,175,139,175,139,193,68,193,Report
163,179,191,179,191,196,163,196,517
148,373,226,373,226,391,148,391,ACCEPTED
102,433,124,433,124,450,102,450,XX
149,433,224,433,224,451,149,451,REJECTED
492,226,533,226,533,241,492,241,Date
494,257,567,257,567,274,494,274,Supplier
63,615,148,615,148,633,63,633,Comments:
59,781,181,781,181,799,59,799,Distribution:
377,754,413,754,413,771,377,771,6926
265,756,367,756,367,770,265,770,Telephone#
641,851,698,851,698,878,641,878,
594,859,625,859,625,888,594,888,By
471,853,513,853,513,881,471,881,No
524,853,580,853,580,880,524,880,436
730,758,752,758,752,849,730,849,505991060
98,256,237,256,237,270,98,270,Material Tested
253,254,412,254,412,272,253,272,P- 830 GLASS FIBER
588,226,691,226,691,245,588,245,10- NOV- 1986
587,257,706,257,706,273,587,273,OWENS CORNING
668,289,734,289,734,305,668,305,2 ROLLS
493,288,652,288,652,308,493,308,Quantity Received
98,284,234,284,234,300,98,300,Lot or Sample#
254,285,368,285,368,301,254,301,ROLL 34 & 35
254,316,318,316,318,332,254,332,11- 6- 86
96,314,219,314,219,331,96,331,Date Received
66,479,610,479,610,503,66,503,Following physical/ visual properties out of specifications:
620,483,741,483,741,501,620,501,WEIGHT OUT OF
74,510,730,510,730,576,74,576,SPECIFICATIONS ON ROLLS 34 & 35. WT. AV. ROLL 34 (183. 04) ; WT. AV. ROLL 35 (183. 44) : SPECS. 190 -210 GMS/ SQM. LOI OUT DE SPEC. ON ROLL 34 (AV 2. 49%) SPECIFICATIONS (2.6 6- 3. 1% .
57,714,221,714,221,765,57,765,Kwb Kenneth W. Smits Technologist - QA
198,785,414,785,414,803,198,803,Mr. Lucien L. Bass, III
198,797,359,797,359,815,198,815,Dr. L. H. O' Conner
198,814,359,814,359,831,198,831,Mr. L. W. Peterson
197,832,369,832,369,845,197,845,Mr. W. B. Scantland
197,845,321,845,321,859,197,859,Ms. R. deLacy
197,859,352,859,352,875,197,875,Mr. M. D. Shannon
197,874,334,874,334,893,197,893,Mr. R. L. McGee
520,750,672,750,672,852,520,852,RJR SECRET ADDRESSED ONLY
