253,66,299,66,299,113,253,113,
390,126,403,126,403,139,390,139,4
376,152,407,152,407,167,376,167,3212
546,155,559,155,559,168,546,168,D,
568,154,614,154,614,168,568,168,Sereta
176,221,205,221,205,235,176,235,B121
473,173,529,173,529,187,473,187,SIGNATURE
543,147,642,147,642,190,543,190,
43,362,96,362,96,377,43,377,EXPLOSIVE
45,385,95,385,95,398,45,398,FLAMMABLE
46,404,113,404,113,421,46,421,RADIOACTIVE
77,440,109,440,109,451,77,451,SOLID
123,439,134,439,134,447,123,447,X
70,454,112,454,112,467,70,467,LIQUID
45,469,108,469,108,480,45,480,PRESSURIZED
293,454,324,454,324,467,293,467,COLOR
219,450,258,450,258,467,219,467,Brown
693,768,710,768,710,853,693,853,00860012
637,429,694,429,694,440,637,440,DESSICATOR
635,444,673,444,673,457,635,457,FREEZER
635,459,666,459,666,472,635,472,OTHER
613,387,626,387,626,400,613,400,☑
306,68,553,68,553,119,306,119,HAZLETON LABORATORIES AMERICA INC
587,73,750,73,750,111,587,111,9200 LEESBURG TURNPIKE VIENNA VIRGINIA 22180 USA
38,74,169,74,169,96,38,96,PROJECT SHEET
126,126,252,126,252,141,126,141,December 13, 1983
46,128,108,128,108,144,46,144,DATE ISSUED
284,133,372,133,372,146,284,146,PROJECT SHEET NO
483,134,568,134,568,149,483,149,PROJECT NO.
591,124,644,124,644,140,591,140,642 149
426,151,534,151,534,167,426,167,PROJECT COORDINATOR
52,166,360,166,360,183,52,183,14 Day Single Dose Subacute Toxicity Study
45,149,211,149,211,163,45,163,STUDY TITLE & PROPOSAL NUMBER
46,190,129,190,129,205,46,205,TEST MATERIAL (S)
423,194,478,194,478,207,423,207,LOT NO (s)
532,194,610,194,610,208,532,208,RECEIPT DATE (s)
668,194,732,194,732,209,668,209,LH NUMBER (s)
532,222,592,222,592,237,532,237,11 18 83
665,222,709,222,709,237,665,237,21 017
46,271,169,271,169,285,46,285,PERFORMING DEPARTMENTS
57,285,227,285,227,302,57,302,Acute/ Dermal Toxicology
180,274,303,274,303,287,180,287,(4 COPIES EACH DIRECTOR)
425,274,633,274,633,291,425,291,ORIGINAL SIGNED PROJECT SHEETS TO PSO
479,299,582,299,582,312,479,312,FIXED DISTRIBUTION:
598,299,676,299,676,311,598,311,(1 COPY TO EACH)
620,316,730,316,730,366,620,366,LAB ANIMAL MEDICINE QUALITY ASSURANCE CONTRACTS Sponsor
434,316,539,316,539,369,434,369,DIR OF LIFE SCIENCES HEALTH SERVICES COMPOUND PREP (TOX) SCIENTIFIC RES (TOX)
46,332,209,332,209,347,46,347,PROTECTIVE PRECAUTIONS REQUIRED
170,345,268,345,268,359,170,359,HAZARDOUS COMPOUND
215,367,308,367,308,380,215,380,CARCINOGEN (OSHA)
218,385,312,385,312,400,218,400,CARCINOGEN (OTHER)
425,376,589,376,589,402,425,402,FOLLOW DEPARTMENT AND COMPANY SAFETY MANUALS
426,409,530,409,530,424,426,424,STORAGE CONDITIONS
441,426,520,426,520,439,441,439,STORE IN DARK
432,440,549,440,549,456,432,456,☑ REFRIGERATOR 8 C
441,458,536,458,536,469,441,469,ROOM TEMPERATURE
443,472,618,472,618,486,443,486,SPECIAL INSTRUCTIONS WHILE DOSING
190,489,599,489,599,508,190,508,to be performed in Acute /Dermal Toxicology, building 18.
101,542,642,542,642,575,101,575,This project sheet is issued to correct Project Sheet which was issued on December 6, 1983 to Project Sheet No 3 instead of 2.
94,719,518,719,518,738,94,738,Material Safety Data Sheet is attached to Project Sheet 1.
52,892,124,892,124,905,52,905,NO 
49,487,175,487,175,502,49,502,EXPERIMENTAL PROCEDURES
45,425,162,425,162,436,45,436,PHYSICAL DESCRIPTION:
