54,132,92,132,92,150,54,150,Date:
104,265,168,265,168,279,104,279,Supplier
52,364,131,364,131,381,52,381,Projected:
574,204,588,204,588,218,574,218,x
410,296,431,296,431,309,410,309,-0-
410,322,431,322,431,339,410,339,-O-
413,706,447,706,447,720,413,720,Date
414,732,446,732,446,749,414,749,Date
412,761,447,761,447,779,412,779,Date
412,787,446,787,446,809,412,809,Date
410,818,444,818,444,836,410,836,Date
50,848,111,848,111,866,50,866,Original
42,867,75,867,75,876,42,876,cc:
496,133,517,133,517,151,496,151,No.
545,204,570,204,570,223,545,223,Yes
593,206,611,206,611,223,593,223,No
440,483,473,483,473,498,440,498,-0-
461,893,503,893,503,910,461,910,CAPRI
45,921,116,921,116,938,45,938,/lsbg1006
560,919,689,919,689,943,560,943,465915288
114,850,125,850,125,862,114,862,-
263,86,477,86,477,105,263,105,MARKET RESEARCH AUTHORIZATION
261,103,483,103,483,121,261,121,(Recommended Proposal Attached)
505,17,710,17,710,122,505,122,6DR IV per II Revised MRA request one on LS to be
567,131,610,131,610,148,567,148,C- 40
103,131,169,131,169,150,103,150,10/ /9 87
53,159,266,159,266,179,53,179,Description: CAPRI Expansion:
277,160,457,160,457,179,277,179,California- A&U Wave II
54,205,150,205,150,222,54,222,Requested By:
162,203,285,203,285,221,162,221,S. H. Trebilcock
344,206,534,206,534,223,344,223,Research Request Attached:
54,233,280,233,280,252,54,252,Competitive Proposals Obtained:
284,263,346,263,346,279,284,279,Cost ($)
394,250,442,250,442,281,394,281,Est. Travel
488,265,565,265,565,279,488,279,Total Cost
605,251,677,251,677,281,605,281,Cost Per Interview
605,294,656,294,656,312,605,312,$47 .22
605,318,658,318,658,340,605,340,$74 .67
459,322,579,322,579,341,459,341,$112 000 +/ - 10%
465,291,570,291,570,310,465,310,$70 ,825 + - 10%
252,291,375,291,375,313,252,313,$70 70,825 +/ - 10%
256,321,377,321,377,341,256,341,$112, 000 +/ - 10%
59,292,228,292,228,313,59,313,Kapuler Market Research
60,322,194,322,194,341,60,341,Market Facts, Inc.
48,381,166,381,166,398,48,398,Initiation Date
52,409,137,409,137,424,52,424,Field Start
52,436,157,436,157,455,52,455,Field Complete
52,466,171,466,171,485,52,485,Final Report Due
171,380,222,380,222,400,171,400,8/ 3/ 87
177,407,244,407,244,428,177,428,9/ 23/ 87*
169,438,230,438,230,457,169,457,10/ 11/ 87
180,466,243,466,243,487,180,487,11/ 16/ 87
301,364,493,364,493,383,301,383,Summary of Research Budget
296,382,434,382,434,401,296,401,Total Area Budget:
300,409,468,409,468,429,300,429,Current Bal. Available:
297,440,454,440,454,470,297,470,This Change (From Current Budget)
534,379,625,379,625,400,534,400,780, 900. 00
525,408,628,408,628,430,525,430,(381, 583. 08)
535,440,624,440,624,459,535,459,-70, 825. 00
297,525,389,525,389,544,297,544,New Balance
525,525,630,525,630,546,525,546,(452 ,408, 08)
513,570,626,570,626,592,513,592,1, 233, 308. 08
295,571,430,571,430,606,295,606,Committed to Date: (Current Year)
50,613,139,613,139,631,50,631,Sample Size
152,614,194,614,194,632,152,632,1. 500
47,629,206,629,206,647,47,647,Recommemded Supplier:
224,630,419,630,419,651,224,651,Kapuler Marketing Research
52,645,263,645,263,663,52,663,Reason(s) for Recommendation
274,643,356,643,356,659,274,659,Low bidder.
52,702,145,702,145,720,52,720,Submitted By:
34,496,298,496,298,619,34,619,*Actual start date on the part of supplier Technically was due to start 9/ 7 (the) 10 week post intro period) See Project File Note) LJS 10/ 13/ 87
51,730,143,730,143,747,51,747,Approved By:
52,763,139,763,139,777,52,777,Approved By:
47,791,141,791,141,807,47,807,Approved By:
47,817,145,817,145,835,47,835,Budget Check:
150,697,316,697,316,737,150,737,L J L. J. Spurtier
147,719,383,719,383,767,147,767,L. E. Gravely 
147,836,231,836,231,851,147,851,K. F. Lyle
131,849,222,849,222,866,131,866,Project File
125,864,248,864,248,879,125,879,S. Willinger (3)
130,880,235,880,235,894,130,894,G. D. Raphael
130,892,291,892,291,912,130,912,V. Hansberry (If Int.)
367,864,451,864,451,883,367,883,Project No.
355,894,449,894,449,909,355,909,Account Name
462,861,536,861,536,880,462,880,1987- 113CA
461,699,544,699,544,728,461,728,10/ 9/ 87
456,725,542,725,542,750,456,750,10/ 13/ 87
298,483,482,483,482,516,298,516,This Amount (From Next Year's Budget)
