94,158,114,158,114,166,94,166,TYPE
527,168,566,168,566,176,527,176,COMBINED
568,168,578,168,578,178,568,178,☑
94,186,115,186,115,194,94,194,NAME
137,212,158,212,158,220,137,220,NAME
94,212,136,212,136,220,94,220,COMPOUND
116,278,138,278,138,286,116,286,B73
501,186,519,186,519,193,501,193,DATE
520,277,542,277,542,291,520,291,N/A
634,299,661,299,661,307,634,307,DATES
628,306,666,306,666,316,628,316,REVIEWED
619,778,637,778,637,863,619,863,00851772
145,311,165,311,165,322,145,322,II.
180,310,233,310,233,324,180,324,(cont'd)
179,339,228,339,228,352,179,352,Toxline
626,546,689,546,689,559,626,559,1929-1966
249,130,525,130,525,148,249,148,INFORMATION SEARCH SUMMARY
193,168,240,168,240,178,193,178,CHEMICAL ☐
356,168,410,168,410,176,356,176,BIOLOGICAL ☐
520,186,605,186,605,200,520,200,May 27, 1982
116,228,269,228,269,241,116,241,Valerian Fluid Extract
117,186,187,186,187,199,117,199,Jimmy Bell
95,270,199,270,199,278,95,278,LORILLARD COMPOUND CODE
499,270,615,270,615,278,499,278,REGISTRY NUMBER (IF applicable)
95,295,179,295,179,305,95,305,LITERATURE SURVEYED
179,380,472,380,472,394,179,394,Registry of the Toxic Effects of Chemicals
624,339,687,339,687,406,624,406,1974- Jan. 1982 to Dec. 1981
624,658,688,658,688,683,624,683,1957- Dec. 1981
95,943,208,943,208,953,95,953,LORILLARD RESEARCH CENTER
642,944,696,944,696,952,642,952,FORM 
138,520,464,520,464,712,138,712,III. SUPPLEMENTAL LITERATURE SEARCH Chemical Abstracts Vol. 23 - Vol. 65 Arctander' s Perfume and Flavor Materials of Natural Origin (1960) Guenther' s Monographs on Fragrance Raw Materials (1979) Tobacco Abstracts U. S. Dispensatory 23rd edition (1943)
115,739,330,739,330,800,115,800,Jimmy H. Bell B. Sc. Scientist
116,420,306,420,306,491,116,491,Ann C. Stringfield Literature M.L.S. Chemist
