113,198,163,198,163,211,113,211,COURT:
240,327,289,327,289,337,240,337,Asbestos
112,487,159,487,159,497,112,497,JUDGE:
332,144,406,144,406,155,332,155,CASE FORM
115,172,191,172,191,183,115,183,CASE NAME:
113,229,189,229,189,255,113,255,LORILLARD ENTITIES
115,270,191,270,191,283,115,283,DATE FILED
115,299,203,299,203,310,115,310,DATE SERVED
113,324,185,324,185,337,113,337,CASE TYPE:
113,353,191,353,191,374,113,374,PLAINTIEE'S COUNSEL:
112,446,187,446,187,471,112,471,LORILLARD COUNSEL:
115,513,193,513,193,524,115,524,TRIAL DATE:
584,777,658,777,658,893,584,893,82504862 946225115
240,363,486,363,486,430,240,430,Wartnick Chaber, Harowitz, Smith& Tigerman StephenM. Tigerman 101 California Street Suite 2200 San Francisco California 94111 
240,296,319,296,319,311,240,311,August 3, 1998
242,240,388,240,388,255,242,255,Lorillard Tobacco Company
243,196,461,196,461,211,243,211,San Francisco Superior Court- No. 996382
243,168,592,168,592,186,243,186,Donald D. Sellers and Robin J. Sellers v. Raybestos Manhattan et al.
