105,196,157,196,157,207,105,207,COURT:
103,485,153,485,153,498,103,498,JUDGE:
233,320,279,320,279,335,233,335,Asbestos
325,138,398,138,398,155,325,155,CASE FORM
108,168,184,168,184,182,108,182,CASE NAME:
105,223,180,223,180,254,105,254,LORILLARD ENTITIES:
105,265,184,265,184,279,105,279,DATE FILED:
106,293,195,293,195,309,106,309,DATE SERVED:
106,318,179,318,179,338,106,338,CASE TYPE:
106,349,180,349,180,377,106,377,PLAINTIFF COUNSEL:
105,443,180,443,180,472,105,472,LORILLARD COUNSEL:
106,510,183,510,183,525,106,525,TRIAL DATE:
232,360,479,360,479,431,232,431,Wartnick, Chaber, Harowitz, Smith & Tigerman Madelyn J. Chaber 101 California Street, Suite 2200 San Francisco, California 94111 415 986- 5566
233,295,309,295,309,310,233,310,August 3, 1998
232,264,303,264,303,279,232,279,July 23, 1998
233,237,380,237,380,252,233,252,Lorillard Tobacco Company
232,193,454,193,454,211,232,211,San Francisco Superior Court - No. 996378
233,165,608,165,608,182,233,182,Wanda G. Robinson and Carroll Robinson v Raybestos- Manhattan, et al.
588,775,653,775,653,888,588,888,82491256 94624999
