78,357,115,357,115,375,78,375,Sizes:
75,627,116,627,116,644,75,644,Binding
666,787,691,787,691,884,666,884,88547278
493,175,519,175,519,189,493,189,Date:
189,324,224,324,224,337,189,337,Qty:
468,923,496,923,496,938,468,938,TEL:
579,927,607,927,607,941,579,941,FAX:
300,926,317,926,317,938,300,938,19
68,61,205,61,205,132,68,132,Quotation Request
496,93,674,93,674,120,496,120,APPLIED GRAPHICS
190,171,332,171,332,238,190,238,Lorillard One Park Avenue New York, NY 10016 Attn: Neil Toumey
80,175,148,175,148,188,80,188,Quotation To:
533,171,620,171,620,191,533,191,July 7, 1993
493,195,552,195,552,209,493,209,Estimate No:
535,205,584,205,584,220,535,220,4854- 5
493,224,578,224,578,239,493,239,Account Executive:
532,238,655,238,655,257,532,257,Peter Faucetta Jr.
78,272,210,272,210,289,78,289,Quantities and Description:
189,285,462,285,462,324,189,324,H/D 8 Pk. Wide Header 4 C/P + 2 Hits Day- Glo + Spot Varnish
236,321,284,321,284,339,236,339,89,725
193,373,273,373,273,393,193,393,19.750 X 11
75,409,179,409,179,428,75,428,Paper and Materials:
190,425,346,425,346,446,190,446,24 pt. Carolina C/1/S
78,467,223,467,223,485,78,485,Preparation and Composition:
190,494,331,494,331,531,190,531,Final Film Supplied Combined Blue
77,565,176,565,176,579,77,579,Process and Colors:
190,566,217,566,217,600,190,600,6/1 1/1
192,634,329,634,329,651,192,651,Leave in Full Sheets
78,691,196,691,196,706,78,706,Packing and Distribution:
189,700,475,700,475,738,189,738,Bulk in cartons, FOB Oceanside Please allow 14 working days for delivery
75,726,145,726,145,739,75,739,Delivery Date:
78,755,177,755,177,770,78,770,Prices and Schedule:
190,767,247,767,247,787,190,787,$16, 158
75,838,176,838,176,852,75,852,Other Specifications:
494,840,596,840,596,855,494,855,Authorized Signature:
77,897,140,897,140,915,77,915,Accepted by:
74,945,670,945,670,983,74,983,we wted with line Whortly how Motion 
498,926,572,926,572,941,498,941,(212) 627 4111
608,925,684,925,684,940,608,940,(212) 627- 8602
467,855,641,855,641,927,467,927,Applied Graphics Technologies 50 West 23rd Street, N.Y.C. 10010
