466,288,507,288,507,306,466,306,DATE
469,392,510,392,510,410,469,410,DATE
469,499,507,499,507,514,469,514,DATE
468,602,509,602,509,623,468,623,DATE
466,708,507,708,507,728,466,728,DATE
468,816,509,816,509,833,468,833,DATE
359,179,390,179,390,197,359,197,141
229,499,242,499,242,513,229,513,N
242,499,264,499,264,514,242,514,/A
230,709,244,709,244,726,230,726,N
244,711,261,711,261,728,244,728,/A
719,764,743,764,743,904,719,904,2051119008
201,45,580,45,580,91,201,91,RECORDS RETENTION SCHEDULE RECONCILIATION RECORDS MANAGEMENT DEPARTMENT - M /C
89,135,234,135,234,153,89,153,DEPARTMENT NAME
321,133,507,133,507,153,321,153,SCIENCE & TECHNOLOGY
95,182,261,182,261,199,95,199,COST CENTER NUMBER
94,240,367,240,367,259,94,259,INDEX BINDERS CONSOLIDATED BY:
230,286,265,286,265,305,230,305,N /A
95,346,340,346,340,365,95,365,INDEX BINDER RE- LABELED BY:
106,388,283,388,283,426,106,426,Mallery
557,390,623,390,623,408,557,408,2 /15 /90
96,451,658,451,658,472,96,472,RETENTION & RECOMMENDATION FILE REORGANIZED AND RE- LABELED BY:
96,559,687,559,687,579,96,579,RECORDS RETENTION SCHEDULE PLACED IN INDEX BINDER AND IN FILE BY:
156,591,307,591,307,640,156,640,Wayne Boughan
556,602,624,602,624,620,556,620,4 /18 /90
95,663,631,663,631,685,95,685,BOXES CREATED FOR HARD COPY PERMANENT RETENTION RECORDS BY:
98,770,494,770,494,792,98,792,RECORDS TRANSFER INVENTORY FORMS UPDATED BY:
155,799,314,799,314,853,155,853,Wayne Baughan
556,814,624,814,624,834,556,834,7 /25 /90
