88,113,133,113,133,126,88,126,FROM:
88,147,110,147,110,161,88,161,TO:
88,182,110,182,110,196,88,196,CC:
87,286,130,286,130,300,87,300,MEDIA
310,356,376,356,376,370,310,370,September
307,615,339,615,339,629,307,629,Pack
307,648,360,648,360,662,307,662,Rebecca
309,390,377,390,377,407,309,407,Magazines:
419,390,497,390,497,404,419,404,Newspapers:
309,289,379,289,379,303,309,303,Magazines:
309,323,382,323,382,337,309,337,Newspaper:
716,825,736,825,736,905,716,905,93351929
311,75,555,75,555,91,311,91,COUPON CODE REGISTRATION FORM
138,112,246,112,246,127,138,127,JESSICA ARATO
127,145,220,145,220,160,127,160,VINCE LOSITO
127,180,504,180,504,197,127,197,K. AUGUSTYN. L. GIORDANO, M. McGLYNN, S. RAPISARLDI
85,250,245,250,245,268,85,268,BRANDS (S) APPLICABLE
84,353,254,353,254,370,84,370,ISSUE FREQUENCY/ YEAR
85,388,183,388,183,405,85,405,SPACE/ COLOR
85,425,225,425,225,439,85,439,COUPON ISSUE DATE
85,459,267,459,267,473,85,473,COUPON EXPIRATION DATE
87,511,176,511,176,524,87,524,CIRCULATION
84,545,247,545,247,560,84,560,GEOGFIAPHICAL AREA(S)
84,580,188,580,188,594,84,594,COUPON VALUE
84,612,236,612,236,628,84,628,PACK AND OR/ CARTON
85,647,290,647,290,663,85,663,ADVERTISING CREATIVE THEME
82,682,252,682,252,697,82,697,SIGNATURE OF INITIATOR
82,716,189,716,189,731,82,731,DATE INITIATED
84,747,280,747,280,767,84,767,ANALYTICAL REQUIREMENTS:
306,781,477,781,477,799,306,799,FOR CONTROL USE ONLY:
306,817,422,817,422,831,306,831,CODE ASSIGNED:
307,834,399,834,399,851,307,851,JOB NUMBER:
307,852,433,852,433,868,307,868,EST. REDEMPTION:
568,849,609,849,609,871,568,871,3 %
553,832,587,832,587,849,553,849,414
527,807,616,807,616,831,527,831,221782
306,715,389,715,389,731,306,731,May 14, 1992
307,578,370,578,370,595,307,595,Free Pack
309,545,340,545,340,560,309,560,Tier 
309,511,368,511,368,526,309,526,1, 221, 000
307,459,426,459,426,474,307,474,December 31, 1992
309,425,421,425,421,440,309,440,September 1, 1992
378,388,419,388,419,408,378,408,P 4/ C;
500,388,549,388,549,407,500,407,1/ 2 B/ W
383,320,461,320,461,336,383,336,Village Voice
309,253,455,253,455,268,309,268,All Kent Family Packings
383,285,605,285,605,303,383,303,People, Rolling Stone, Cosmopolitan,
309,304,517,304,517,319,309,319,Mademoiselle, New York Magazine
