55,108,83,108,83,126,55,126,TO:
55,148,105,148,105,166,55,166,FROM:
528,111,573,111,573,126,528,126,DATE
277,409,343,409,343,424,277,424,COUNTER
289,463,342,463,342,476,289,476,POSTER
296,435,341,435,341,450,296,450,FLOOR
161,495,201,495,201,512,161,512,DATE:
203,497,241,497,241,509,203,509,FROM
349,498,376,498,376,508,349,508,TO
259,281,296,281,296,294,259,294,TRUE
394,711,450,711,450,726,394,726,PACKING
150,713,210,713,210,725,150,725,PACKING
349,666,384,666,384,683,349,683,TRUE
61,834,154,834,154,846,61,846,MERCHANDISE:
570,895,600,895,600,908,570,908,Date:
643,784,670,784,670,852,643,852,91939637
183,184,543,184,543,231,183,231,TRUE $3.00 CARTON COUPON PROMOTION
103,254,254,254,254,269,103,269,PROMOTIONAL PERIOD:
128,266,251,266,251,281,128,281,CONSUMER OFFER:
135,281,254,281,254,294,135,294,DISPLAY BRANDS:
110,292,253,292,253,309,110,309,DISPLAY AGREEMENT:
264,252,354,252,354,269,264,269,May- June 1992
261,267,492,267,492,282,261,282,$3 Off Store Redeemable Carton Coupon
261,292,627,292,627,336,261,336,Lorillard Representative will supply all display materials and assemble display. Display containing deals will be placed on a self- service basis for a two- week period.
148,352,360,352,360,369,148,369,AUTHORIZATION FOR PLACEMENT
392,377,480,377,480,394,392,394,NO. CARTONS
251,379,343,379,343,394,251,394,TYPE DISPLAY
485,462,575,462,575,479,485,479,☑ if approved)
58,543,212,543,212,558,58,558,STORES PARTICIPATING:
61,628,663,628,663,657,61,657,THE FOLLOWING QUANTITY OF TRUE CARTONS MUST BE AVAILABLE FOR THE LORILLARD SALES REPRESENTATIVE TO ASSEMBLE THE DISPLAY ON THE DATE INDICATED ABOVE,
254,698,337,698,337,726,254,726,NUMBER OF CARTONS
510,698,591,698,591,724,510,724,NUMBER OF CARTONS
141,739,214,739,214,754,141,754,FILTER K.S.
140,766,219,766,219,781,140,781,FILTER 100's
145,792,214,792,214,816,145,816,BOX 80's WHERE AVAILABLE
379,739,470,739,470,754,379,754,MENTHOL K.S.
375,766,472,766,472,781,375,781,MENTHOL 100's
387,792,459,792,459,814,387,814,BOX 100's (WHERE AVAILABLE)
105,854,368,854,368,867,105,867,WILL BE ARBITRARILY SHIPPED TO STORE.
105,872,324,872,324,887,105,887,ORDER THROUGH YOUR SUPPLIER.
61,899,141,899,141,914,61,914,Authorized by:
