68,206,119,206,119,221,68,221,17,000
73,234,118,234,118,252,73,252,8.000
70,264,121,264,121,277,70,277,16.000
68,294,118,294,118,309,68,309,19.000
203,206,250,206,250,221,203,221,25,500
203,238,250,238,250,251,203,251,18,000
201,264,251,264,251,279,201,279,20,000
199,294,250,294,250,309,199,309,29,000
140,266,188,266,188,279,140,279,4,000
135,234,185,234,185,247,135,247,10,000
138,209,185,209,185,221,138,221,8,500
136,294,181,294,181,306,136,306,10.000
272,206,309,206,309,223,272,223,6450
274,234,309,234,309,252,274,252,6460
272,262,305,262,305,277,272,277,6470
272,292,309,292,309,310,272,310,6560
324,204,385,204,385,219,324,219,Consumer
326,238,386,238,386,251,326,251,Consumer
326,261,389,261,389,281,326,281,Consumer
324,297,379,297,379,309,324,309,Special
576,204,624,204,624,224,576,224,30,000
578,236,626,236,626,253,578,253,28,000
578,264,626,264,626,281,578,281,20,000
576,294,626,294,626,307,576,307,42,000
636,206,696,206,696,223,636,223,4,500)
636,238,696,238,696,255,636,255,(10,000)
638,292,696,292,696,310,638,310,(13,000)
135,93,173,93,173,108,135,108,Sales
422,146,459,146,459,164,422,164,ITEM
53,98,121,98,121,111,53,111,Division
282,100,355,100,355,113,282,113,Department
664,65,699,65,699,77,664,77,LT-1.71
70,899,117,899,117,919,70,919,60,000
133,899,178,899,178,919,133,919,32,500
193,900,248,900,248,917,193,917,92,500
576,900,626,900,626,918,576,918,120,000
638,904,688,904,688,919,638,919,27,500
317,939,428,939,428,951,317,951,
570,930,693,930,693,957,570,957,
316,927,379,927,379,937,316,937,APPROVAL
570,925,631,925,631,935,570,935,APPROVAL
316,897,353,897,353,910,316,910,
684,771,707,771,707,846,684,846,91104867
241,51,489,51,489,61,241,61,DEPARTMENT EXPENSE BUDGET SUMMARY
58,58,236,58,236,86,58,86,LORILLARD DIVISION DE LOEW'S CORP.
359,93,490,93,490,108,359,108,Domestic Tax Free
520,81,585,81,585,111,520,111,Dept. Code No.
58,159,121,159,121,191,58,191,ACTUAL 8 MONTHS
125,158,189,158,189,187,125,187,PROJECTED 4 MONTHS
198,159,240,159,240,187,198,187,TOTAL YEAR
257,145,308,145,308,174,257,174,ACCOUNT NO.
73,121,238,121,238,155,73,155,PROJECTED CURRENT YEAR EXPENSES 19
580,148,627,148,627,186,580,186,BUDGET YEAR 19
641,126,699,126,699,194,641,194,VS. CURRENT YEAR (INCR.) DECR.
576,50,731,50,731,71,576,71,Form P.O. 1049-A 788
65,925,299,925,299,938,65,938,DATE SUBMITTED AND DEPT. MANAGER
