84,53,112,53,112,67,84,67,TO:
85,85,134,85,134,102,85,102,FROM:
87,122,157,122,157,139,87,139,SUBJECT:
87,180,193,180,193,197,87,197,DISTRIBUTION:
725,105,740,105,740,119,725,119,X
236,321,303,321,303,332,236,332,ACCOUNT
246,339,289,339,289,353,246,353,NONE
708,785,725,785,725,853,708,853,92657311
623,318,657,318,657,333,623,333,100'S
532,52,670,52,670,67,532,67,SUBMISSION DATE:
147,50,228,50,228,68,147,68,R. B. SPELL
147,85,239,85,239,102,147,102,S. J. Farnham
161,122,571,122,571,139,161,139,HARLEY DAVIDSON 100'S CIGARETTES PROGRESS REPORT
535,85,581,85,581,103,535,103,OCT 3
531,105,581,105,581,122,531,122,OCT 31
651,85,704,85,704,103,651,103,DEC 26
652,105,705,105,705,136,652,136,JAN 23, 1995
197,182,596,182,596,198,197,198,EFFECTIVENESS OF SELL (REPORT ON OCT 3 ONLY).
85,272,546,272,546,292,85,292,DIRECT ACCOUNT AND CHAIN VOIDS (USE X TO INDICATE A VOID).
511,307,570,307,570,331,511,331,NO. STORES
669,306,706,306,706,332,669,332,LTS. 100'S
87,541,447,541,447,559,87,559,% OF DISTRIBUTION ACHIEVED IN RETAIL OUTLETS:
321,573,485,573,485,610,321,610,9 0 % CLASSIFIED CALLS 2 % ANNUAL CALLS
88,626,253,626,253,642,88,642,PROMOTIONAL IMPACT:
85,661,180,661,180,675,85,675,$ 50 OFF PACK:
87,736,202,736,202,751,87,751,SALES FORCE 20'S
89,814,204,814,204,828,89,828,$ 5.00 OFF CARTON:
235,661,648,661,648,697,235,697,Excellent movement when couponed. Without coupons, movement slows dramatically!
236,735,414,735,414,752,236,752,Excellent but quickly depleted.
237,813,508,813,508,827,237,827,Excellent. Continues to drive all carton business
85,905,122,905,122,917,85,917,1 of 2
